-1.6730000000000000e+00
-1.1352000000000000e+01
-1.7229000000000001e+00
-1.1086000000000000e+01
-1.7558000000000000e+00
-1.0811000000000000e+01
-1.7698000000000000e+00
-1.0531000000000001e+01
-1.7638000000000000e+00
-1.0250000000000000e+01
-1.7371000000000001e+00
-9.9726999999999997e+00
-1.6901999999999999e+00
-9.7030999999999992e+00
-1.6240000000000001e+00
-9.4448000000000008e+00
-1.5078000000000000e+00
-9.1227999999999998e+00
-1.3978999999999999e+00
-8.8940000000000001e+00
-1.1996000000000000e+00
-8.5838999999999999e+00
-9.3889000000000000e-01
-8.3023000000000007e+00
-6.3804000000000005e-01
-8.1029000000000000e+00
-4.1660999999999998e-01
-8.0282999999999998e+00
-1.5467000000000000e-01
-8.0106000000000002e+00
9.1254000000000002e-02
-8.0519999999999996e+00
2.9222999999999999e-01
-8.1144999999999996e+00
6.9943999999999995e-01
-8.2713000000000001e+00
9.3232999999999999e-01
-8.3566000000000003e+00
1.1686000000000001e+00
-8.4293999999999993e+00
1.4389000000000001e+00
-8.4894999999999996e+00
1.8758999999999999e+00
-8.5231999999999992e+00
2.2016000000000000e+00
-8.4857999999999993e+00
2.5400999999999998e+00
-8.3683999999999994e+00
2.7475999999999998e+00
-8.2315000000000005e+00
2.9300000000000002e+00
-8.0086999999999993e+00
2.9689000000000001e+00
-7.5941999999999998e+00
2.7831000000000001e+00
-7.3197999999999999e+00
2.5992999999999999e+00
-7.1750999999999996e+00
2.2042999999999999e+00
-6.9558000000000000e+00
1.8875999999999999e+00
-6.8125000000000000e+00
1.6079000000000001e+00
-6.6962000000000002e+00
1.3079000000000001e+00
-6.5765000000000002e+00
1.0225000000000000e+00
-6.4589999999999996e+00
7.6239000000000001e-01
-6.3333000000000004e+00
4.8324000000000000e-01
-6.1386000000000003e+00
2.5037999999999999e-01
-5.8494999999999999e+00
1.4684000000000000e-01
-5.6262999999999996e+00
5.7646000000000003e-02
-5.2980999999999998e+00
1.9056000000000000e-02
-5.0312000000000001e+00
-1.0820999999999999e-03
-4.7531999999999996e+00
-8.6257999999999994e-03
-4.4699000000000000e+00
-9.1223999999999993e-03
-4.1837999999999997e+00
-6.7593999999999996e-03
-3.8961999999999999e+00
-4.0445999999999998e-03
-3.6078999999999999e+00
-2.0311000000000001e-03
-3.3191000000000002e+00
-8.6158000000000003e-04
-3.0304000000000002e+00
-3.0459999999999998e-04
-2.7416000000000000e+00
-8.6593000000000003e-05
-2.4529999999999998e+00
-1.8326999999999999e-05
-2.1642999999999999e+00
-2.3377000000000001e-06
-1.8757999999999999e+00
7.7926000000000006e-09
-1.5871999999999999e+00
6.4298999999999999e-08
-1.2986000000000000e+00
1.0098000000000000e-08
-1.0100000000000000e+00
4.9344999999999999e-10
-7.2143999999999997e-01
3.6172000000000000e-12
-4.3286999999999998e-01
4.2466000000000000e-15
-1.4429000000000000e-01
1.6931000000000000e-15
1.4429000000000000e-01
3.6181000000000001e-12
4.3286999999999998e-01
4.9345999999999997e-10
7.2143999999999997e-01
1.0098000000000000e-08
1.0100000000000000e+00
6.4298999999999999e-08
1.2986000000000000e+00
7.7926000000000006e-09
1.5871999999999999e+00
-2.3377000000000001e-06
1.8757999999999999e+00
-1.8326999999999999e-05
2.1642999999999999e+00
-8.6593000000000003e-05
2.4529999999999998e+00
-3.0459999999999998e-04
2.7416000000000000e+00
-8.6158000000000003e-04
3.0304000000000002e+00
-2.0311000000000001e-03
3.3191000000000002e+00
-4.0445999999999998e-03
3.6078999999999999e+00
-6.7593999999999996e-03
3.8961999999999999e+00
-9.1223999999999993e-03
4.1837999999999997e+00
-8.6257999999999994e-03
4.4699000000000000e+00
-1.0820999999999999e-03
4.7531999999999996e+00
1.9056000000000000e-02
5.0312000000000001e+00
5.7646000000000003e-02
5.2980999999999998e+00
1.4684000000000000e-01
5.6262999999999996e+00
2.5037999999999999e-01
5.8494999999999999e+00
4.8324000000000000e-01
6.1386000000000003e+00
7.6239000000000001e-01
6.3333000000000004e+00
1.0225000000000000e+00
6.4589999999999996e+00
1.3079000000000001e+00
6.5765000000000002e+00
1.6079000000000001e+00
6.6962000000000002e+00
1.8875999999999999e+00
6.8125000000000000e+00
2.2042999999999999e+00
6.9558000000000000e+00
2.5992999999999999e+00
7.1750999999999996e+00
2.7831000000000001e+00
7.3197999999999999e+00
2.9689000000000001e+00
7.5941999999999998e+00
2.9300000000000002e+00
8.0086999999999993e+00
2.7475999999999998e+00
8.2315000000000005e+00
2.5400999999999998e+00
8.3683999999999994e+00
2.2016000000000000e+00
8.4857999999999993e+00
1.8758999999999999e+00
8.5231999999999992e+00
1.4389000000000001e+00
8.4894999999999996e+00
1.1686000000000001e+00
8.4293999999999993e+00
9.3232999999999999e-01
8.3566000000000003e+00
6.9943999999999995e-01
8.2713000000000001e+00
2.9222999999999999e-01
8.1144999999999996e+00
9.1254000000000002e-02
8.0519999999999996e+00
-1.5467000000000000e-01
8.0106000000000002e+00
-4.1660999999999998e-01
8.0282999999999998e+00
-6.3804000000000005e-01
8.1029000000000000e+00
-9.3889000000000000e-01
8.3023000000000007e+00
-1.1996000000000000e+00
8.5838999999999999e+00
-1.3978999999999999e+00
8.8940000000000001e+00
-1.5078000000000000e+00
9.1227999999999998e+00
-1.6240000000000001e+00
9.4448000000000008e+00
-1.6901999999999999e+00
9.7030999999999992e+00
-1.7371000000000001e+00
9.9726999999999997e+00
-1.7638000000000000e+00
1.0250000000000000e+01
-1.7698000000000000e+00
1.0531000000000001e+01
-1.7558000000000000e+00
1.0811000000000000e+01
-1.7229000000000001e+00
1.1086000000000000e+01
-1.6730000000000000e+00
1.1352000000000000e+01
-1.5848000000000000e+00
1.1686999999999999e+01
-1.4977000000000000e+00
1.1942000000000000e+01
-1.4000999999999999e+00
1.2180999999999999e+01
-1.2339000000000000e+00
1.2518000000000001e+01
-1.1126000000000000e+00
1.2727000000000000e+01
-8.9673999999999998e-01
1.3047000000000001e+01
-6.4900000000000002e-01
1.3356000000000000e+01
-3.7334000000000001e-01
1.3646000000000001e+01
-7.5333999999999998e-02
1.3912000000000001e+01
2.3845000000000000e-01
1.4150000000000000e+01
4.3526999999999999e-01
1.4281000000000001e+01
7.7310000000000001e-01
1.4475000000000000e+01
1.1094999999999999e+00
1.4637000000000000e+01
1.3473999999999999e+00
1.4734000000000000e+01
1.6000000000000001e+00
1.4821999999999999e+01
1.9352000000000000e+00
1.4916000000000000e+01
2.1991999999999998e+00
1.4974000000000000e+01
2.4716000000000000e+00
1.5019000000000000e+01
2.7503000000000002e+00
1.5050000000000001e+01
3.0329000000000002e+00
1.5067000000000000e+01
3.3170999999999999e+00
1.5068000000000000e+01
3.6004000000000000e+00
1.5055000000000000e+01
3.8805999999999998e+00
1.5026000000000000e+01
4.1555999999999997e+00
1.4984000000000000e+01
4.4236000000000004e+00
1.4929000000000000e+01
4.7553000000000001e+00
1.4840999999999999e+01
5.0134999999999996e+00
1.4757000000000000e+01
5.2595999999999998e+00
1.4663000000000000e+01
5.5975999999999999e+00
1.4512000000000000e+01
5.8215000000000003e+00
1.4396000000000001e+01
6.1520000000000001e+00
1.4201000000000001e+01
6.4790000000000001e+00
1.3977000000000000e+01
6.6580000000000004e+00
1.3839000000000000e+01
6.9565999999999999e+00
1.3582000000000001e+01
7.2388000000000003e+00
1.3304000000000000e+01
7.5007999999999999e+00
1.3007000000000000e+01
7.6378000000000004e+00
1.2834000000000000e+01
7.8693999999999997e+00
1.2509000000000000e+01
8.0737000000000005e+00
1.2177000000000000e+01
8.1920000000000002e+00
1.1959000000000000e+01
8.3557000000000006e+00
1.1616000000000000e+01
8.4552999999999994e+00
1.1375999999999999e+01
8.5768000000000004e+00
1.1034000000000001e+01
8.6529000000000007e+00
1.0779000000000000e+01
8.7195999999999998e+00
1.0513999999999999e+01
8.7756000000000007e+00
1.0240000000000000e+01
8.8253000000000004e+00
9.9170999999999996e+00
8.8541000000000007e+00
9.6435999999999993e+00
8.8710000000000004e+00
9.3666000000000000e+00
8.8757000000000001e+00
9.0876999999999999e+00
8.8681999999999999e+00
8.8085000000000004e+00
8.8483999999999998e+00
8.5305000000000000e+00
8.8168000000000006e+00
8.2551000000000005e+00
8.7661999999999995e+00
7.9424000000000001e+00
8.7085000000000008e+00
7.6680999999999999e+00
8.6401000000000003e+00
7.4008000000000003e+00
8.5617000000000001e+00
7.1409000000000002e+00
8.4433000000000007e+00
6.8079000000000001e+00
8.3425999999999991e+00
6.5627000000000004e+00
8.1837000000000000e+00
6.2248000000000001e+00
8.0641999999999996e+00
      0000000000000006
7.8670999999999998e+00
5.6699999999999999e+00
7.6432000000000002e+00
5.3417000000000003e+00
7.5034000000000001e+00
5.1566999999999998e+00
7.2507000000000001e+00
4.8540000000000001e+00
6.9768999999999997e+00
4.5667999999999997e+00
6.6849999999999996e+00
4.3087000000000000e+00
6.3967000000000001e+00
4.1116999999999999e+00
6.1741000000000001e+00
4.0035999999999996e+00
5.9108000000000001e+00
3.9178999999999999e+00
5.7140000000000004e+00
3.8715000000000002e+00
5.3754999999999997e+00
3.7972999999999999e+00
5.0472999999999999e+00
3.7111999999999998e+00
4.7580999999999998e+00
3.6179999999999999e+00
4.4444999999999997e+00
3.4952999999999999e+00
4.1619000000000002e+00
3.3544000000000000e+00
3.8168000000000002e+00
3.0678000000000001e+00
3.7566000000000002e+00
2.6800000000000002e+00
3.9495000000000000e+00
2.5068999999999999e+00
4.4843000000000002e+00
2.4632000000000001e+00
4.9268999999999998e+00
2.5312000000000001e+00
5.1852999999999998e+00
2.5716999999999999e+00
5.4233000000000002e+00
2.5943000000000001e+00
5.6825999999999999e+00
2.5775999999999999e+00
5.9333999999999998e+00
2.4460000000000002e+00
5.9935000000000000e+00
2.3588000000000000e+00
6.0336999999999996e+00
2.1934000000000000e+00
6.0167000000000002e+00
2.0600999999999998e+00
5.8846999999999996e+00
1.8364000000000000e+00
5.6121999999999996e+00
1.6547000000000001e+00
5.5054999999999996e+00
1.6119000000000001e+00
5.0766000000000000e+00
1.4880000000000000e+00
4.7257999999999996e+00
1.3849000000000000e+00
4.2687999999999997e+00
1.0498000000000001e+00
4.4090999999999996e+00
6.5508999999999995e-01
4.6816000000000004e+00
5.5112000000000005e-01
5.1247999999999996e+00
5.0260000000000005e-01
5.5168999999999997e+00
4.6827000000000002e-01
5.8872999999999998e+00
3.4636000000000000e-01
5.9090999999999996e+00
3.3169999999999999e-01
6.0800999999999998e+00
9.5855999999999997e-02
6.0800999999999998e+00
-9.5855999999999997e-02
5.9090999999999996e+00
-3.3169999999999999e-01
5.8872999999999998e+00
-3.4636000000000000e-01
5.5168999999999997e+00
-4.6827000000000002e-01
5.1247999999999996e+00
-5.0260000000000005e-01
4.6816000000000004e+00
-5.5112000000000005e-01
4.4090999999999996e+00
-6.5508999999999995e-01
4.2687999999999997e+00
-1.0498000000000001e+00
4.7257999999999996e+00
-1.3849000000000000e+00
5.0766000000000000e+00
-1.4880000000000000e+00
5.5054999999999996e+00
-1.6119000000000001e+00
5.6121999999999996e+00
-1.6547000000000001e+00
5.8846999999999996e+00
-1.8364000000000000e+00
6.0167000000000002e+00
-2.0600999999999998e+00
6.0336999999999996e+00
-2.1934000000000000e+00
5.9935000000000000e+00
-2.3588000000000000e+00
5.9333999999999998e+00
-2.4460000000000002e+00
5.6825999999999999e+00
-2.5775999999999999e+00
5.4233000000000002e+00
-2.5943000000000001e+00
5.1852999999999998e+00
-2.5716999999999999e+00
4.9268999999999998e+00
-2.5312000000000001e+00
4.4843000000000002e+00
-2.4632000000000001e+00
3.9495000000000000e+00
-2.5068999999999999e+00
3.7566000000000002e+00
-2.6800000000000002e+00
3.8168000000000002e+00
-3.0678000000000001e+00
4.1619000000000002e+00
-3.3544000000000000e+00
4.4444999999999997e+00
-3.4952999999999999e+00
4.7580999999999998e+00
-3.6179999999999999e+00
5.0472999999999999e+00
-3.7111999999999998e+00
5.3754999999999997e+00
-3.7972999999999999e+00
5.7140000000000004e+00
-3.8715000000000002e+00
5.9108000000000001e+00
-3.9178999999999999e+00
6.1741000000000001e+00
-4.0035999999999996e+00
6.3967000000000001e+00
-4.1116999999999999e+00
6.6849999999999996e+00
-4.3087000000000000e+00
6.9768999999999997e+00
-4.5667999999999997e+00
7.2507000000000001e+00
-4.8540000000000001e+00
7.5034000000000001e+00
-5.1566999999999998e+00
7.6432000000000002e+00
-5.3417000000000003e+00
7.8670999999999998e+00
-5.6699999999999999e+00
8.0641999999999996e+00
     -0000000000000006
8.1837000000000000e+00
-6.2248000000000001e+00
8.3425999999999991e+00
-6.5627000000000004e+00
8.4433000000000007e+00
-6.8079000000000001e+00
8.5617000000000001e+00
-7.1409000000000002e+00
8.6401000000000003e+00
-7.4008000000000003e+00
8.7085000000000008e+00
-7.6680999999999999e+00
8.7661999999999995e+00
-7.9424000000000001e+00
8.8168000000000006e+00
-8.2551000000000005e+00
8.8483999999999998e+00
-8.5305000000000000e+00
8.8681999999999999e+00
-8.8085000000000004e+00
8.8757000000000001e+00
-9.0876999999999999e+00
8.8710000000000004e+00
-9.3666000000000000e+00
8.8541000000000007e+00
-9.6435999999999993e+00
8.8253000000000004e+00
-9.9170999999999996e+00
8.7756000000000007e+00
-1.0240000000000000e+01
8.7195999999999998e+00
-1.0513999999999999e+01
8.6529000000000007e+00
-1.0779000000000000e+01
8.5768000000000004e+00
-1.1034000000000001e+01
8.4552999999999994e+00
-1.1375999999999999e+01
8.3557000000000006e+00
-1.1616000000000000e+01
8.1920000000000002e+00
-1.1959000000000000e+01
8.0737000000000005e+00
-1.2177000000000000e+01
7.8693999999999997e+00
-1.2509000000000000e+01
7.6378000000000004e+00
-1.2834000000000000e+01
7.5007999999999999e+00
-1.3007000000000000e+01
7.2388000000000003e+00
-1.3304000000000000e+01
6.9565999999999999e+00
-1.3582000000000001e+01
6.6580000000000004e+00
-1.3839000000000000e+01
6.4790000000000001e+00
-1.3977000000000000e+01
6.1520000000000001e+00
-1.4201000000000001e+01
5.8215000000000003e+00
-1.4396000000000001e+01
5.5975999999999999e+00
-1.4512000000000000e+01
5.2595999999999998e+00
-1.4663000000000000e+01
5.0134999999999996e+00
-1.4757000000000000e+01
4.7553000000000001e+00
-1.4840999999999999e+01
4.4236000000000004e+00
-1.4929000000000000e+01
4.1555999999999997e+00
-1.4984000000000000e+01
3.8805999999999998e+00
-1.5026000000000000e+01
3.6004000000000000e+00
-1.5055000000000000e+01
3.3170999999999999e+00
-1.5068000000000000e+01
3.0329000000000002e+00
-1.5067000000000000e+01
2.7503000000000002e+00
-1.5050000000000001e+01
2.4716000000000000e+00
-1.5019000000000000e+01
2.1991999999999998e+00
-1.4974000000000000e+01
1.9352000000000000e+00
-1.4916000000000000e+01
1.6000000000000001e+00
-1.4821999999999999e+01
1.3473999999999999e+00
-1.4734000000000000e+01
1.1094999999999999e+00
-1.4637000000000000e+01
7.7310000000000001e-01
-1.4475000000000000e+01
4.3526999999999999e-01
-1.4281000000000001e+01
2.3845000000000000e-01
-1.4150000000000000e+01
-7.5333999999999998e-02
-1.3912000000000001e+01
-3.7334000000000001e-01
-1.3646000000000001e+01
-6.4900000000000002e-01
-1.3356000000000000e+01
-8.9673999999999998e-01
-1.3047000000000001e+01
-1.1126000000000000e+00
-1.2727000000000000e+01
-1.2339000000000000e+00
-1.2518000000000001e+01
-1.4000999999999999e+00
-1.2180999999999999e+01
-1.4977000000000000e+00
-1.1942000000000000e+01
-1.5848000000000000e+00
-1.1686999999999999e+01
